70
120
210
350
550
820
1170
1610
2150
3072
4114
5286
6598
8060
9682
11474
13446
15608
17970
20542
24089
27866
31883
36150
40677
45474
50551
55918
61585
67562
73859
82644
91769
101244
111079
121284
131869
142844
154219
166004
178209
190844
209821
229248
249135
269492
290329
311656
333483
355820
378677
402064
425991
466091
506751
547981
589791
632191
675191
718801
763031
807891
853391
899541
986932
1074993
1163734
1253165
1343296
1434137
1525698
1617989
1711020
1804801
1899342
2099049
2299536
2500813
2702890
2905777
3109484
3314021
3519398
3725625
3932712
4140669
4616797
5093815
5571733
6050561
6530309
7010987
7492605
7975173
8458701
8943199
9428677
9923733
10428366
0